-1016,52 * -9,16 = 9311,32
-1019,08 + -2,24 = -1021,32
-1040,81 * 7,89 = -8211,99
-1123,87 + 4,98 = -1118,89
-1124,60 / -1,79 = 628,27
-1125,27 - -6,78 = -1118,49
-1163,30 / 2,55 = -456,20
-1166,59 - -4,08 = -1162,51
-1196,77 - -3,50 = -1193,27
-1248,52 + -4,04 = -1252,56
-1316,16 - 8,25 = -1324,41
-1326,86 + 3,42 = -1323,44
-1329,94 + 6,77 = -1323,17
-1341,32 + 1,63 = -1339,69
-1344,74 + 3,95 = -1340,79
-1356,05 + 9,66 = -1346,39
-1372,47 ^ 5,00 = -4869835611547980,00
-1393,36 - 7,62 = -1400,98
-1395,78 / -1,33 = 1049,46
-14,95 * 6,57 = -98,22
-1436,64 * -9,49 = 13633,71
-1461,40 / -8,85 = 165,13
-1476,67 / 8,79 = -167,99
-1503,82 * -2,28 = 3428,71
-152,95 + 1,63 = -151,32
-1524,14 + 4,24 = -1519,90
-1561,74 * 0,78 = -1218,16
-159,04 - 3,71 = -162,75
-1628,38 / 7,84 = -207,70
-1634,40 / 9,10 = -179,60
-164,07 + 7,42 = -156,65
-1712,21 / 5,59 = -306,30
-1783,84 + -6,90 = -1790,74
-181,81 / 9,78 = -18,59
-1817,01 + 2,87 = -1814,14
-1940,13 - 4,72 = -1944,85
-1959,69 + -2,20 = -1961,89
-2009,11 - -6,10 = -2003,01
-2023,74 - 4,59 = -2028,33
-2042,52 / 4,63 = -441,15
-2070,19 - 8,76 = -2078,95
-2095,35 * 0,75 = -1571,51
-2095,61 + 2,74 = -2092,87
-2161,16 / 5,65 = -382,51
-2209,78 ^ 5,00 = -52692061857717712,00
-221,70 - -1,65 = -220,05
-2238,95 * -4,34 = 9717,04
-2246,91 + -0,26 = -2247,17
-2265,18 ^ -10,00 = 0,00
-2323,21 - -5,43 = -2317,78
-2346,61 * 4,20 = -9855,76
-237,15 / -7,79 = 30,44
-2479,03 + 6,29 = -2472,74
-2514,25 - -9,16 = -2505,09
-2607,28 + -9,14 = -2616,42
-2672,34 - 9,25 = -2681,59
-2737,32 + -2,07 = -2739,39
-276,07 / 6,73 = -41,02
-277,24 * -7,85 = 2176,33
-2801,66 / 7,41 = -378,09
-2906,42 / 4,45 = -653,13
-3011,37 + 6,25 = -3005,12
-3040,87 ^ 9,00 = -22232110198729350000000000000000,00
-3095,03 * -8,91 = 27576,72
-3101,40 - -7,29 = -3094,11
-3155,66 ^ -4,00 = 0,00
-3176,93 - -9,07 = -3167,86
-3189,41 * -3,28 = 10461,26
-3196,41 - -1,96 = -3194,45
-3206,22 - 9,11 = -3215,33
-3295,71 / -1,34 = 2459,49
-3368,39 * -2,22 = 7477,83
-3383,39 ^ -1,00 = -0,00
-3388,46 / 0,41 = -8264,54
-3433,20 / -8,70 = 394,62
-3583,12 + -0,93 = -3584,05
-3601,96 + -5,07 = -3607,03
-3641,28 / -2,21 = 1647,64
-366,32 ^ -6,00 = 0,00
-3765,26 + 3,99 = -3761,27
-3802,64 * 6,20 = -23576,37
-3817,40 + 4,92 = -3812,48
-3827,94 ^ 1,00 = -3827,94
-3849,08 - 7,06 = -3856,14
-3854,34 * 9,23 = -35575,56
-3891,56 / 3,82 = -1018,73
-3924,36 ^ -8,00 = 0,00
-3926,17 / 7,46 = -526,30
-3943,22 * -7,01 = 27641,97
-4,33 / 5,32 = -0,81
-4016,04 - -0,45 = -4015,59
-4025,02 ^ 5,00 = -1056428754108136060,00
-4045,52 / -8,93 = 453,03
-4046,89 - -8,60 = -4038,29
-4140,44 * -5,05 = 20909,22
-4235,08 + 7,65 = -4227,43
-4248,03 + 6,57 = -4241,46
-4363,10 - 6,09 = -4369,19
-4389,43 * -5,54 = 24317,44
-4410,10 ^ 9,00 = -631009555257567400000000000000000,00
-4428,18 ^ 6,00 = 7539657130504285000000,00
-4457,97 + -9,62 = -4467,59
-4495,06 - 7,96 = -4503,02
-4499,34 ^ 9,00 = -755682409902922600000000000000000,00
-4522,22 - 9,15 = -4531,37
-4626,73 ^ -9,00 = -0,00
-4669,18 / -2,94 = 1588,16
-4674,92 - 5,41 = -4680,33
-4678,45 - 2,23 = -4680,68
-4717,09 - 8,34 = -4725,43
-4717,91 / -7,77 = 607,20
-4816,44 * -4,19 = 20180,88
-4819,32 - 2,20 = -4821,52
-482,70 - -0,57 = -482,13
-4873,71 - 6,33 = -4880,04
-4960,37 / -3,60 = 1377,88
-499,22 ^ -8,00 = 0,00
-4996,54 * -7,61 = 38023,67
-537,62 + 7,15 = -530,47
-614,51 * 8,25 = -5069,71
-655,86 * -9,61 = 6302,81
-663,16 * -9,78 = 6485,70
-668,62 / 4,18 = -159,96
-756,21 / 8,85 = -85,45
-777,78 * -0,01 = 7,78
-811,25 ^ -7,00 = -0,00
-869,40 ^ 4,00 = 571318836952,45
-889,96 * -9,55 = 8499,12
-907,25 / 7,92 = -114,55
-963,41 / 2,97 = -324,38
-982,00 - -1,49 = -980,51
-991,88 - 1,33 = -993,21
1004,86 - -2,70 = 1007,56
1017,98 - -4,92 = 1022,90
1023,78 * -0,01 = -10,24
105,84 * -9,66 = -1022,41
1091,03 - -6,18 = 1097,21
1132,34 * -2,35 = -2661,00
1213,55 + -3,66 = 1209,89
125,90 / 2,58 = 48,80
1288,96 ^ 1,00 = 1288,96
1339,14 + 1,43 = 1340,57
1350,95 + 3,81 = 1354,76
138,69 / -9,96 = -13,92
1421,91 ^ 8,00 = 16710016096807865000000000,00
1448,29 + -0,59 = 1447,70
1582,52 - 3,94 = 1578,58
1609,43 / 9,66 = 166,61
1709,47 - -5,50 = 1714,97
1745,04 - -2,16 = 1747,20
1770,14 - -4,85 = 1774,99
1810,48 + -3,84 = 1806,64
187,77 + 2,81 = 190,58
1991,39 / -7,14 = -278,91
2003,43 / 7,14 = 280,59
2012,48 / 5,36 = 375,46
2079,82 - -9,39 = 2089,21
21,81 - -3,88 = 25,69
2117,57 * 5,74 = 12154,85
2175,15 - 3,39 = 2171,76
220,26 + -2,05 = 218,21
2201,78 - 8,71 = 2193,07
2217,09 / 1,67 = 1327,60
2379,78 - 6,34 = 2373,44
2396,73 + 9,12 = 2405,85
2412,85 ^ 8,00 = 1148795144186247500000000000,00
247,46 - -1,78 = 249,24
247,86 - -9,86 = 257,72
2591,11 + -6,49 = 2584,62
2609,56 - -9,94 = 2619,50
2611,68 + -3,07 = 2608,61
2642,84 * -3,41 = -9012,08
2671,69 / 6,94 = 384,97
2684,30 - 2,39 = 2681,91
2692,41 / 2,09 = 1288,23
2738,48 ^ 2,00 = 7499272,71
2743,88 + -2,39 = 2741,49
2775,59 - 1,29 = 2774,30
2777,93 + -9,49 = 2768,44
2781,56 + -2,25 = 2779,31
2843,89 - -5,86 = 2849,75
3001,44 - -6,96 = 3008,40
3016,91 - 9,68 = 3007,23
3090,76 + 5,90 = 3096,66
3163,03 - 5,05 = 3157,98
3195,31 + 4,51 = 3199,82
3220,01 / 5,85 = 550,43
3225,20 / -3,67 = -878,80
3240,05 - 4,56 = 3235,49
3296,68 * -1,68 = -5538,42
3400,59 + -7,67 = 3392,92
341,18 * -8,34 = -2845,44
3495,85 + -3,81 = 3492,04
3549,77 / -3,18 = -1116,28
365,79 + -4,20 = 361,59
3654,00 + -0,84 = 3653,16
3750,58 * 9,27 = 34767,88
3824,39 ^ 8,00 = 45761198627430950000000000000,00
3849,29 / 6,55 = 587,68
3869,86 / -8,44 = -458,51
3888,20 + -5,05 = 3883,15
3914,95 - 3,43 = 3911,52
3964,55 + -0,61 = 3963,94
3982,42 * 3,61 = 14376,54
3988,22 ^ 4,00 = 252997615630588,60
4046,18 - -0,67 = 4046,85
4138,14 + 3,48 = 4141,62
4141,65 / 4,87 = 850,44
4161,50 / -4,66 = -893,03
4165,78 ^ 1,00 = 4165,78
418,85 * 1,78 = 745,55
4196,27 * -6,21 = -26058,84
4213,52 * -5,94 = -25028,31
4230,19 + -3,77 = 4226,42
4234,86 ^ -1,00 = 0,00
4281,31 ^ 2,00 = 18329615,32
4289,81 + -8,28 = 4281,53
4295,96 - -4,91 = 4300,87
4299,12 - 2,80 = 4296,32
4337,16 + 3,57 = 4340,73
441,69 ^ 6,00 = 7425152894747035,00
4411,63 + -0,40 = 4411,23
4426,31 ^ -3,00 = 0,00
4449,18 * 2,56 = 11389,90
4464,38 - -3,87 = 4468,25
4479,88 - 0,82 = 4479,06
4519,82 - 2,33 = 4517,49
4687,43 ^ 0,00 = 1,00
4719,81 - 4,15 = 4715,66
473,37 + -5,85 = 467,52
4746,42 * 3,65 = 17324,43
4804,39 - 6,37 = 4798,02
4889,34 * -9,08 = -44395,21
4903,49 + -9,24 = 4894,25
4953,53 + 7,21 = 4960,74
4964,30 * -1,72 = -8538,60
4969,14 ^ -8,00 = 0,00
514,90 ^ 0,00 = 1,00
536,24 / 2,26 = 237,27
585,61 * 0,73 = 427,50
59,76 - 5,01 = 54,75
6,21 - -8,90 = 15,11
645,90 * 7,34 = 4740,91
651,17 + 4,13 = 655,30
694,51 + -2,60 = 691,91
76,41 - 2,99 = 73,42
841,79 + -8,92 = 832,87
91,54 + -4,03 = 87,51
931,71 ^ -2,00 = 0,00
986,43 * 1,90 = 1874,22
