-1005,41 ^ 0,00 = 1,00
-102,23 / -7,38 = 13,86
-1108,56 - 9,12 = -1117,68
-1176,57 + 2,13 = -1174,44
-1198,56 / 5,81 = -206,24
-1200,43 - -3,78 = -1196,66
-1206,00 % 7,18 = -6,40
-1232,51 / 5,14 = -239,67
-1252,83 / 9,11 = -137,49
-1328,88 + 7,27 = -1321,61
-1329,09 + 7,50 = -1321,59
-1331,41 * 1,56 = -2079,59
-1365,05 * -9,22 = 12581,47
-1416,44 * 2,86 = -4045,40
-1452,61 * -8,43 = 12239,53
-1463,91 - 0,27 = -1464,18
-1469,88 * 6,38 = -9371,08
-148,00 % -5,88 = -0,88
-1506,97 - 7,39 = -1514,36
-1507,90 - 2,04 = -1509,94
-155,68 + -1,06 = -156,75
-1618,94 % 9,60 = -5,52
-1672,64 / 7,97 = -209,80
-1734,74 ^ -6,00 = 0,00
-1752,39 % -8,38 = -1,18
-1801,68 * -9,57 = 17239,54
-1811,28 / 6,05 = -299,25
-1870,56 + -0,29 = -1870,84
-1875,79 ^ -6,00 = 0,00
-1882,34 * 8,87 = -16687,13
-1968,20 % 3,29 = -0,03
-2028,63 / -9,59 = 211,59
-2038,82 / -7,79 = 261,74
-2041,80 % -5,36 = -0,56
-2067,49 / 8,65 = -239,14
-2159,70 + 9,88 = -2149,82
-2190,18 + 0,46 = -2189,71
-2284,72 ^ -4,00 = 0,00
-2329,52 % -1,13 = -0,79
-2334,73 + 6,25 = -2328,48
-2335,42 ^ 2,00 = 5454175,51
-2369,04 / -0,41 = 5835,93
-2374,00 * -3,94 = 9349,45
-2396,12 + 9,45 = -2386,67
-2530,67 % 0,99 = -0,30
-256,96 / -9,38 = 27,41
-2716,83 - 5,44 = -2722,27
-272,23 + -6,15 = -278,37
-2754,14 % 3,54 = -0,58
-2797,79 * 1,59 = -4438,42
-2806,39 + 8,03 = -2798,36
-2885,62 ^ 0,00 = 1,00
-2897,70 ^ 5,00 = -204298217750426688,00
-2932,23 * -4,59 = 13467,30
-294,92 / -6,79 = 43,41
-2955,59 % -3,71 = -0,93
-2991,74 ^ 2,00 = 8950534,79
-3010,19 % -2,96 = -2,75
-3122,98 / 3,48 = -896,41
-3144,05 / -2,33 = 1349,67
-3163,04 / 1,84 = -1721,38
-3175,91 + 0,85 = -3175,06
-3186,80 % 5,47 = -5,08
-3196,07 * -2,76 = 8823,19
-3196,14 + 4,94 = -3191,20
-3280,32 ^ -2,00 = 0,00
-3314,62 / -8,79 = 376,89
-3362,09 ^ 9,00 = -54889114455379230000000000000000,00
-3427,83 / 8,31 = -412,74
-3435,02 - -2,19 = -3432,83
-3466,92 ^ -2,00 = 0,00
-3507,95 * -7,79 = 27313,95
-3584,05 ^ -3,00 = -0,00
-366,37 + 5,03 = -361,34
-3694,41 - -8,79 = -3685,62
-371,66 / -4,83 = 76,99
-3716,65 % 2,87 = -1,20
-3737,54 ^ -3,00 = -0,00
-3770,52 * -0,34 = 1283,63
-3772,63 - 0,66 = -3773,29
-3803,18 * 1,61 = -6128,01
-3803,87 / -7,54 = 504,42
-3862,23 - -1,95 = -3860,28
-3893,48 * -7,86 = 30585,37
-3950,63 ^ -6,00 = 0,00
-3991,22 + -0,26 = -3991,48
-3998,59 * 1,74 = -6938,93
-401,82 / 4,57 = -87,99
-4023,12 - -1,21 = -4021,91
-4027,30 * -5,04 = 20290,12
-4044,12 + -7,79 = -4051,91
-4208,19 + 8,47 = -4199,72
-4243,58 - 1,14 = -4244,72
-4287,56 % 5,70 = -5,63
-4357,31 * 3,11 = -13564,64
-4386,12 + 2,95 = -4383,17
-4410,11 ^ 9,00 = -631016309698783140000000000000000,00
-4452,83 + -2,81 = -4455,65
-4470,10 + -1,31 = -4471,41
-4560,24 * 9,32 = -42491,89
-4562,42 * 8,70 = -39698,39
-4603,98 % 5,85 = -1,68
-4608,20 % -5,64 = -4,00
-4628,71 * -8,95 = 41423,31
-4659,77 / 1,57 = -2964,46
-4835,48 ^ -7,00 = -0,00
-4874,20 + -9,05 = -4883,25
-488,68 - -8,07 = -480,60
-4930,89 ^ 0,00 = 1,00
-4950,16 / 2,23 = -2224,68
-4973,98 % -2,45 = -2,33
-505,85 / -7,71 = 65,63
-532,05 ^ -4,00 = 0,00
-676,30 ^ 3,00 = -309333292,88
-680,45 + 7,00 = -673,45
-718,56 - 5,80 = -724,36
-726,15 - -7,33 = -718,82
-757,33 / 5,55 = -136,38
-765,89 ^ -8,00 = 0,00
-778,67 ^ -9,00 = -0,00
-982,64 * 1,74 = -1705,59
1043,97 * -3,30 = -3443,13
1048,18 * 7,00 = 7335,11
1133,58 / -2,59 = -438,30
1187,02 % 4,16 = 1,43
1194,40 ^ -5,00 = 0,00
1328,46 + 3,41 = 1331,86
1333,21 % 9,68 = 7,06
1360,07 - 1,53 = 1358,53
1361,47 * -2,80 = -3807,16
1396,15 - -6,09 = 1402,24
1486,87 / -4,87 = -305,03
1507,38 / 7,28 = 207,13
1520,66 * -8,28 = -12594,55
1523,06 + 8,81 = 1531,88
1524,99 - 0,25 = 1524,74
156,91 % -9,85 = 9,11
1560,04 - -2,60 = 1562,64
1579,88 ^ -4,00 = 0,00
1647,78 + 0,17 = 1647,96
1698,07 / 1,27 = 1334,47
1787,13 ^ 0,00 = 1,00
1877,63 ^ -1,00 = 0,00
1910,86 ^ 8,00 = 177758114523901420000000000,00
1932,21 / -7,66 = -252,09
1948,71 - 8,47 = 1940,24
2016,30 % 7,80 = 3,60
2091,31 - -2,94 = 2094,25
2099,30 + 3,66 = 2102,96
2151,97 % -4,64 = 0,39
2164,21 % -8,85 = 4,19
2176,62 / -8,43 = -258,15
220,04 ^ 3,00 = 10653316,76
2213,34 + 5,08 = 2218,42
2214,91 ^ 3,00 = 10865939717,98
2228,86 ^ 8,00 = 609056421435509650000000000,00
2252,55 ^ -7,00 = 0,00
2256,03 + -2,61 = 2253,42
2269,09 * 1,25 = 2833,62
228,40 ^ 2,00 = 52167,43
2283,11 * 4,79 = 10939,53
2296,60 - 3,14 = 2293,46
2506,60 + 8,46 = 2515,06
2517,89 + -4,90 = 2513,00
252,18 % -4,52 = 3,53
2530,51 + 8,72 = 2539,24
2619,24 - 3,16 = 2616,08
2631,40 + 8,21 = 2639,61
2638,72 ^ -4,00 = 0,00
2655,74 ^ -10,00 = 0,00
2656,78 * -3,44 = -9145,24
2665,26 + -9,74 = 2655,52
2670,62 * 2,57 = 6865,51
2673,17 / -7,97 = -335,37
2699,28 + 9,13 = 2708,40
2727,28 + 0,03 = 2727,31
273,00 ^ -7,00 = 0,00
2775,99 ^ -9,00 = 0,00
2800,93 * 2,82 = 7884,81
2882,32 * -5,85 = -16858,50
2942,48 * -5,71 = -16791,22
2947,24 + 4,53 = 2951,76
2990,09 - 5,27 = 2984,83
3013,83 * 9,35 = 28183,07
3020,17 % -4,99 = 4,29
3034,03 ^ -10,00 = 0,00
3047,38 + -9,24 = 3038,14
3057,62 + -3,94 = 3053,68
313,67 ^ 3,00 = 30862605,81
316,44 + 9,02 = 325,45
3219,05 / 0,18 = 18145,39
3222,13 + 5,02 = 3227,15
3253,39 % 0,85 = 0,50
3256,32 % 9,53 = 7,98
3314,85 % -9,78 = 0,16
3375,12 * 1,12 = 3790,23
3435,31 - -1,20 = 3436,50
3473,07 - 4,18 = 3468,89
3483,40 ^ 1,00 = 3483,40
3560,79 + 9,61 = 3570,40
3574,18 ^ 4,00 = 163194590269162,62
3577,22 - -0,52 = 3577,74
3613,31 - -4,88 = 3618,18
3740,45 + 0,33 = 3740,77
3760,57 - 4,70 = 3755,87
3785,66 * -2,52 = -9551,61
3837,77 + 6,12 = 3843,88
3856,94 ^ -4,00 = 0,00
3921,64 ^ 5,00 = 927554492760871810,00
3942,85 - -6,93 = 3949,79
3969,51 ^ 6,00 = 3912224483634756000000,00
3977,60 - -1,26 = 3978,86
3992,26 ^ -9,00 = 0,00
3992,84 - 9,60 = 3983,24
4013,76 - 0,79 = 4012,97
4037,88 - 3,63 = 4034,25
4135,11 - -0,80 = 4135,91
4146,00 ^ -3,00 = 0,00
4165,24 * -5,28 = -21983,21
4180,01 * 9,93 = 41497,33
43,95 % 7,72 = 5,35
4404,61 % -8,37 = 3,96
4522,54 - -8,10 = 4530,65
4529,89 / 9,94 = 455,94
4532,97 + 3,90 = 4536,87
4547,56 + 5,36 = 4552,92
455,02 ^ 1,00 = 455,02
4697,28 / 5,75 = 816,73
4805,32 * 7,18 = 34484,35
4820,06 + -4,82 = 4815,24
4845,48 - -1,56 = 4847,03
4884,89 % -8,33 = 4,96
4888,85 / 1,72 = 2838,42
4918,48 % 6,09 = 1,63
4943,32 - -5,28 = 4948,60
4986,83 + 7,21 = 4994,04
4997,41 * 2,56 = 12780,03
51,25 + 9,80 = 61,05
529,48 + -5,39 = 524,09
536,40 * 4,13 = 2217,02
589,47 + 9,98 = 599,45
639,36 % -6,66 = 0,21
722,39 % 7,47 = 5,28
727,93 - 8,31 = 719,63
778,95 * -7,81 = -6086,63
827,15 + -7,61 = 819,54
856,30 ^ -6,00 = 0,00
910,81 ^ -10,00 = 0,00
950,07 - -2,68 = 952,74
99,15 % 3,91 = 1,37
